********************************************************************************
生成tfidf向量
********************************************************************************
Size of fea_train:(514907, 50000)
Size of fea_test:(514908, 50000)
30811944
30794382
--------------------------------------------------------------------------------
生成tfidf向量耗时114.15s
--------------------------------------------------------------------------------
********************************************************************************
logisticReg
********************************************************************************
             precision    recall  f1-score   support

          0       0.97      0.96      0.97     49962
          1       0.94      0.97      0.96     50737
          2       0.75      0.72      0.73     50995
          3       0.88      0.90      0.89     53658
          4       0.93      0.93      0.93     50034
          5       0.85      0.90      0.87     51088
          7       0.80      0.82      0.81     51529
          8       0.76      0.63      0.69     50171
          9       0.82      0.86      0.84     50534
         10       0.87      0.90      0.89     56200

avg / total       0.86      0.86      0.86    514908

confusion matrix:
	体育	娱乐	财经	房产	汽车	教育	法制	时政	能源	健康	总数	
0	48179	905	134	26	67	177	115	137	37	185	49962
1	273	49020	211	76	13	285	463	129	14	253	50737
2	231	345	36678	2869	1430	667	1170	2951	3314	1340	50995
3	57	147	1843	48403	79	337	1192	544	849	207	53658
4	132	108	1019	104	46602	49	742	279	939	60	50034
5	215	414	432	239	34	45851	1391	1098	220	1194	51088
6	60	305	948	1303	449	1134	42485	2346	880	1619	51529
7	201	274	4658	879	374	4236	3419	31454	2672	2004	50171
8	38	64	2269	737	1041	193	741	1624	43295	532	50534
9	94	302	767	138	33	1210	1603	738	493	50822	56200
*	49480	51884	48959	54774	50122	54139	53321	41300	52713	58216	514908
--------------------------------------------------------------------------------
逻辑回归分类耗时326.17s
--------------------------------------------------------------------------------
********************************************************************************
SVM
********************************************************************************
             precision    recall  f1-score   support

          0       0.97      0.97      0.97     49962
          1       0.95      0.97      0.96     50737
          2       0.75      0.71      0.73     50995
          3       0.88      0.90      0.89     53658
          4       0.93      0.94      0.93     50034
          5       0.85      0.90      0.87     51088
          7       0.80      0.82      0.81     51529
          8       0.77      0.63      0.69     50171
          9       0.82      0.86      0.84     50534
         10       0.87      0.90      0.89     56200

avg / total       0.86      0.86      0.86    514908

confusion matrix:
	体育	娱乐	财经	房产	汽车	教育	法制	时政	能源	健康	总数	
0	48392	772	139	33	70	153	82	126	37	158	49962
1	298	49117	226	70	23	273	351	138	21	220	50737
2	250	333	36329	2967	1521	662	1210	2973	3361	1389	50995
3	53	126	1761	48507	96	353	1160	505	879	218	53658
4	107	80	916	112	46825	60	715	262	885	72	50034
5	199	339	377	282	34	46025	1376	985	239	1232	51088
6	66	278	940	1388	480	1162	42376	2203	965	1671	51529
7	205	274	4747	894	392	4163	3398	31430	2651	2017	50171
8	46	66	2126	768	1027	220	771	1563	43399	548	50534
9	106	279	737	153	38	1242	1640	680	533	50792	56200
*	49722	51664	48298	55174	50506	54313	53079	40865	52970	58317	514908
--------------------------------------------------------------------------------
SVM分类耗时60.04s
--------------------------------------------------------------------------------
********************************************************************************
Naive Bayes
********************************************************************************
             precision    recall  f1-score   support

          0       0.98      0.94      0.96     49962
          1       0.92      0.95      0.93     50737
          2       0.68      0.71      0.70     50995
          3       0.88      0.86      0.87     53658
          4       0.96      0.86      0.91     50034
          5       0.82      0.87      0.84     51088
          7       0.73      0.81      0.76     51529
          8       0.67      0.59      0.63     50171
          9       0.79      0.83      0.81     50534
         10       0.87      0.85      0.86     56200

avg / total       0.83      0.83      0.83    514908

confusion matrix:
	体育	娱乐	财经	房产	汽车	教育	法制	时政	能源	健康	总数	
0	47159	1334	230	22	34	369	264	323	28	199	49962
1	263	48294	268	51	14	401	956	140	7	343	50737
2	158	409	36281	3002	844	814	1470	3120	3471	1426	50995
3	41	253	2658	46002	43	470	1909	1072	994	216	53658
4	144	151	2739	251	42896	107	1531	337	1815	63	50034
5	155	784	504	216	20	44263	2138	1677	137	1194	51088
6	32	308	1127	992	111	1014	41526	4295	736	1388	51529
7	148	368	4981	923	124	4681	3822	29724	3485	1915	50171
8	32	68	3212	579	599	241	1121	2402	41752	528	50534
9	64	745	1321	107	20	1599	2371	1485	472	48016	56200
*	48196	52714	53321	52145	44705	53959	57108	44575	52897	55288	514908
--------------------------------------------------------------------------------
朴素贝叶斯分类耗时2.08s
--------------------------------------------------------------------------------
********************************************************************************
GBDT
********************************************************************************
             precision    recall  f1-score   support

          0       0.96      0.94      0.95     49962
          1       0.92      0.93      0.92     50737
          2       0.68      0.67      0.67     50995
          3       0.86      0.87      0.87     53658
          4       0.91      0.92      0.91     50034
          5       0.81      0.88      0.84     51088
          7       0.77      0.79      0.78     51529
          8       0.61      0.57      0.59     50171
          9       0.79      0.77      0.78     50534
         10       0.84      0.86      0.85     56200

avg / total       0.82      0.82      0.82    514908

confusion matrix:
	体育	娱乐	财经	房产	汽车	教育	法制	时政	能源	健康	总数	
0	46877	1350	164	25	77	315	196	603	68	287	49962
1	482	47061	326	125	47	482	836	889	54	435	50737
2	265	468	34006	3241	1563	916	1277	3897	3782	1580	50995
3	75	169	2220	46819	114	398	1236	1452	883	292	53658
4	130	218	1148	107	46057	103	746	691	729	105	50034
5	281	578	553	293	57	44851	1295	1772	211	1197	51088
6	75	357	1268	1439	643	1312	40501	3446	704	1784	51529
7	241	410	4905	1101	457	4761	3998	28453	3328	2517	50171
8	55	108	3920	922	1553	324	947	3265	38712	728	50534
9	158	428	1377	153	75	1619	1686	1826	501	48377	56200
*	48639	51147	49887	54225	50643	55081	52718	46294	48972	57302	514908
--------------------------------------------------------------------------------
GBDT分类耗时13979.95s
--------------------------------------------------------------------------------
