********************************************************************************
生成tfidf向量
********************************************************************************
Size of fea_train:(514907, 50000)
Size of fea_test:(514908, 50000)
37624635
37716187
--------------------------------------------------------------------------------
生成tfidf向量耗时129.41s
--------------------------------------------------------------------------------
********************************************************************************
logisticReg
********************************************************************************
             precision    recall  f1-score   support

          0       0.98      0.96      0.97     49827
          1       0.95      0.97      0.96     50576
          2       0.78      0.75      0.76     51466
          3       0.89      0.91      0.90     53865
          4       0.93      0.94      0.94     49969
          5       0.86      0.90      0.88     51027
          7       0.81      0.84      0.83     51463
          8       0.80      0.68      0.73     50057
          9       0.83      0.87      0.85     50258
         10       0.89      0.91      0.90     56400

avg / total       0.87      0.87      0.87    514908

confusion matrix:
	体育	娱乐	财经	房产	汽车	教育	法制	时政	能源	健康	总数	
0	48083	829	217	39	39	189	86	136	38	171	49827
1	274	49069	257	44	13	275	344	101	10	189	50576
2	206	329	38598	2691	1452	590	1049	2275	3097	1179	51466
3	53	91	1753	48813	67	328	1204	506	864	186	53865
4	112	90	907	83	46916	62	674	235	830	60	49969
5	181	325	346	233	40	46135	1379	1071	196	1121	51027
6	49	246	938	1174	401	951	43264	2063	844	1533	51463
7	151	246	3851	813	339	3767	3012	33903	2302	1673	50057
8	35	49	1987	700	1000	222	721	1412	43587	545	50258
9	80	239	702	120	41	1178	1580	725	488	51247	56400
*	49224	51513	49556	54710	50308	53697	53313	42427	52256	57904	514908
--------------------------------------------------------------------------------
逻辑回归分类耗时351.08s
--------------------------------------------------------------------------------
********************************************************************************
SVM
********************************************************************************
             precision    recall  f1-score   support

          0       0.98      0.97      0.97     49827
          1       0.96      0.97      0.97     50576
          2       0.79      0.75      0.77     51466
          3       0.89      0.91      0.90     53865
          4       0.93      0.94      0.94     49969
          5       0.86      0.91      0.89     51027
          7       0.82      0.84      0.83     51463
          8       0.80      0.70      0.75     50057
          9       0.83      0.87      0.85     50258
         10       0.89      0.91      0.90     56400

avg / total       0.88      0.88      0.88    514908

confusion matrix:
	体育	娱乐	财经	房产	汽车	教育	法制	时政	能源	健康	总数	
0	48381	665	201	28	40	160	67	106	42	137	49827
1	310	49165	251	41	21	255	241	115	16	161	50576
2	224	331	38668	2676	1488	564	1015	2344	3013	1143	51466
3	60	90	1601	48906	79	340	1180	480	905	224	53865
4	85	69	861	108	47143	56	610	217	764	56	49969
5	167	246	312	263	50	46271	1270	1128	221	1099	51027
6	61	256	897	1228	407	984	43077	2017	935	1601	51463
7	158	229	3507	812	324	3419	2835	34938	2225	1610	50057
8	39	55	1876	772	963	262	745	1368	43620	558	50258
9	87	191	646	180	52	1220	1595	744	571	51114	56400
*	49572	51297	48820	55014	50567	53531	52635	43457	52312	57703	514908
--------------------------------------------------------------------------------
SVM分类耗时58.00s
--------------------------------------------------------------------------------
********************************************************************************
Naive Bayes
********************************************************************************
             precision    recall  f1-score   support

          0       0.98      0.94      0.96     49827
          1       0.93      0.96      0.94     50576
          2       0.71      0.72      0.71     51466
          3       0.89      0.86      0.88     53865
          4       0.95      0.88      0.92     49969
          5       0.83      0.87      0.85     51027
          7       0.74      0.83      0.78     51463
          8       0.70      0.62      0.66     50057
          9       0.80      0.83      0.82     50258
         10       0.88      0.87      0.87     56400

avg / total       0.84      0.84      0.84    514908

confusion matrix:
	体育	娱乐	财经	房产	汽车	教育	法制	时政	能源	健康	总数	
0	46990	1255	309	30	32	407	140	429	42	193	49827
1	239	48589	269	51	13	357	676	128	4	250	50576
2	148	411	37068	2796	983	758	1385	3216	3421	1280	51466
3	52	198	2680	46585	40	423	1975	822	902	188	53865
4	125	135	2195	271	44029	84	1367	336	1369	58	49969
5	121	618	411	180	27	44611	2273	1477	150	1159	51027
6	26	213	1015	833	109	833	42710	3794	631	1299	51463
7	111	288	4426	906	123	4444	3793	30985	3217	1764	50057
8	30	52	2758	566	758	278	1233	2061	41947	575	50258
9	53	639	1116	91	17	1541	2409	1284	438	48812	56400
*	47895	52398	52247	52309	46131	53736	57961	44532	52121	55578	514908
--------------------------------------------------------------------------------
朴素贝叶斯分类耗时2.27s
--------------------------------------------------------------------------------
********************************************************************************
GBDT
********************************************************************************
             precision    recall  f1-score   support

          0       0.97      0.92      0.94     49827
          1       0.92      0.93      0.92     50576
          2       0.68      0.71      0.69     51466
          3       0.87      0.87      0.87     53865
          4       0.91      0.92      0.91     49969
          5       0.82      0.88      0.85     51027
          7       0.77      0.78      0.78     51463
          8       0.69      0.63      0.66     50057
          9       0.77      0.76      0.77     50258
         10       0.85      0.85      0.85     56400

avg / total       0.82      0.82      0.82    514908

confusion matrix:
	体育	娱乐	财经	房产	汽车	教育	法制	时政	能源	健康	总数	
0	45933	1417	558	55	90	494	208	414	265	393	49827
1	405	46910	462	103	56	563	798	364	493	422	50576
2	261	485	36328	2986	1623	917	1264	2470	3731	1401	51466
3	69	165	2647	46631	133	431	1341	1045	1112	291	53865
4	148	172	1542	117	45955	103	661	367	791	113	49969
5	224	519	697	270	73	44706	1407	1628	370	1133	51027
6	85	381	1484	1331	696	1179	40355	3275	894	1783	51463
7	159	376	3946	1021	414	4308	3481	31565	2753	2034	50057
8	48	145	4365	1005	1567	396	984	2489	38438	821	50258
9	114	441	1402	158	81	1681	1746	2182	796	47799	56400
*	47446	51011	53431	53677	50688	54778	52245	45799	49643	56190	514908
--------------------------------------------------------------------------------
GBDT分类耗时15727.35s
--------------------------------------------------------------------------------
